167
478
747
769
832
1376
1507
1758
2158
2399
2725
3593
4631
4653
5195
5626
5739
5756
5861
6054
6127
6142
6304
6569
7129
7164
7406
7792
7813
7965
8039
8971
9914
10858
10953
11537
12106
12114
13566
13575
14707
14994
15248
15598
15623
15741
15995
16259
16464
16676
16877
17139
17991
18588
19092
19109
19121
19412
19526
20030
20446
20791
21418
21848
22063
22263
22312
22604
23151
23746
23914
24146
24547
24580
24609
24871
25298
25735
26133
26665
26671
27555
28158
28414
28543
28578
28607
28890
28982
29098
29262
29835
29869
30071
30191
30466
30563
31192
31260
31716
